start=50.175122
volume=45.000000
